15 15 67
L 3 7 14 6 13 6 24 
L 3 7 12 11 12 10 30 
L 3 7 0 1 0 1 39 
L 3 7 0 3 0 3 44 
L 3 7 0 4 0 4 45 
L 3 7 1 3 0 0 45 
L 3 7 0 2 0 0 45 
L 3 7 2 5 1 5 46 
L 3 7 1 2 0 0 46 
L 3 7 0 5 0 0 46 
L 3 7 1 4 0 0 46 
L 3 7 1 5 0 0 47 
C 5 4 10 3 9 3 0 3 1 0
A 4 4 6 1 7 1 1 
A 4 4 14 0 13 0 2 
A 4 4 7 1 0 0 2 
A 4 4 13 1 0 0 3 
A 4 4 1 14 1 13 3 
A 4 4 8 1 0 0 3 
A 4 4 3 6 3 6 4 
A 4 4 12 1 0 0 4 
A 4 4 0 7 0 7 5 
A 4 4 1 11 1 10 6 
A 4 4 12 2 12 2 7 
A 4 4 4 8 4 7 8 
A 4 4 6 4 6 6 9 
A 4 4 12 6 12 4 10 
A 4 4 7 4 0 0 10 
A 4 4 14 5 14 4 11 
A 4 4 12 3 0 0 11 
A 4 4 9 6 7 6 13 
A 4 4 2 9 0 0 13 
A 4 4 5 1 5 1 14 
A 4 4 7 5 6 5 16 
A 4 4 13 3 13 4 17 
A 4 4 14 14 12 14 18 
A 4 4 7 8 7 10 20 
A 4 4 7 0 7 0 22 
O 4 4 13 12 13 11 27 
A 4 4 4 6 4 6 46 
A 4 4 12 0 0 0 46 
A 4 4 6 5 4 5 47 
A 4 4 5 6 0 0 47 
A 4 4 4 4 4 4 48 
A 4 4 5 5 0 0 48 
A 4 4 4 3 0 0 49 
A 4 4 2 2 2 3 50 
A 4 4 3 5 0 0 50 
A 4 4 0 6 1 6 51 
A 4 4 2 4 2 6 52 
W 9 3 3 11 2 11 25 
W 9 3 2 3 3 3 34 
W 9 3 9 10 8 10 35 
W 12 3 0 0 1 0 36 
W 9 3 10 6 10 7 53 
Z 2 1 3 7 2 7 21 
Z 2 1 6 14 0 0 48 
m 0 0 7 14 0 0 23 
b 10 0 10 1 0 0 29 
m 0 0 11 12 0 0 32 
g 0 0 9 1 0 0 33 
m 0 0 11 11 0 0 33 
g 0 0 14 1 0 0 38 
b 10 0 4 10 0 0 40 
g 0 0 8 13 0 0 42 
t 0 0 2 8 0 0 49 
m 0 0 12 12 0 0 51 
